Process ID: 4609
Process Name: p5
Process Priority: 2
Process Size Code: 68
Process Size Data: 30
Process Execution Time: 4
Process Waiting Time: 0
Process Instruction Count: 0
Process Current PC: 0
Process Register Values: General Register values:
Reg 0: 0
Reg 1: 0
Reg 2: 0
Reg 3: 0
Reg 4: 0
Reg 5: 0
Reg 6: 0
Reg 7: 0
Reg 8: 0
Reg 9: 0
Reg 10: 0
Reg 11: 0
Reg 12: 0
Reg 13: 0
Reg 14: 0
Reg 15: 0
Reg 16: 0
Reg 17: 0
Reg 18: 68
Reg 19: 68
Reg 20: 256
Reg 21: 306
Reg 22: 256
Reg 23: 128
Reg 24: 158
Reg 25: 128
Reg 26: 0
Reg 27: 0
Reg 28: 0
Reg 29: 0
Reg 30: 0
0000000000000000
------------------------------

Data
0 31 0 32 0 33 0 34 0 35 0 36 0 37 0 38 0 39 0 3a 0 3b 0 3c 0 3d 2 3e 44 0 0 0 0 0 0 0 0 0 0 0 0 0 0 0 0 0 0 0 0 0 0 0 0 0 0 0 0 0 0 0 0 0 0 0 0 0 0 0 0 0 0 0 0 0 0 0 0 0 0 0 0 0 0 0 0 0 0 0 0 0 0 0 0 0 0 0 0 0 0 0 0 0 0 0 0 0 0 0 0 0 0 0 0 0 0 0 0 0 0 0 0 0 0 0 0 0 0 0 0 0 0 0 0 0 0 0 0 0 0 0 0 0 0 0 0 0 0 0 0 0 0 0 0 0 0 0 0 0 0 
----------------
Code
3b 0 0 43 51 1 0 0 51 2 0 2 51 3 0 4 51 4 0 6 51 5 0 8 51 6 0 a 51 7 0 c 51 8 0 e 51 9 0 10 51 a 0 12 51 b 0 14 51 c 0 16 51 d 0 18 51 e 0 1a 51 f 0 1c 12 1 f fffffff3 0 
----------------
Stack
0 0 0 0 0 0 0 0 0 0 0 0 0 0 0 0 0 0 0 0 0 0 0 0 0 0 0 0 0 0 0 0 0 0 0 0 0 0 0 0 0 0 0 0 0 0 0 0 0 0 0 0 0 0 0 0 0 0 0 0 0 0 0 0 0 0 0 0 0 0 0 0 0 0 0 0 0 0 0 0 0 0 0 0 0 0 0 0 0 0 0 0 0 0 0 0 0 0 0 0 0 0 0 0 0 0 0 0 0 0 0 0 0 0 0 0 0 0 0 0 0 0 0 0 0 0 0 0 77 0 77 1 77 2 77 3 77 4 77 5 77 6 77 7 77 8 77 9 77 a 77 b 77 c 77 d 77 e 77 0 77 1 77 2 77 3 77 4 77 5 77 6 77 7 77 8 77 9 77 a 77 b 77 c 77 d 77 e 77 0 77 1 77 2 77 3 77 4 77 5 77 6 77 7 77 8 77 9 77 a 77 b 77 c 77 d 77 e 77 0 77 1 77 2 77 3 77 4 77 5 77 6 77 7 fffffff3 0 0 0 0 0 0 0 0 0 0 0 0 0 0 0 0 0 0 0 0 0 4 3 6 5 8 7 a 9 c b e d 10 f 12 11 14 13 16 15 18 17 1a 19 1c 1b 1e 1d 20 1f 22 21 24 23 26 25 28 27 2a 29 2c 2b 2e 2d 30 2f 32 31 34 33 36 
----------------
